x_eq = [0.9999982634837146, -0.00023990426808183536, 0.0013049675086490046, -0.0013086387501307405, 0.005934386789589617, -0.0008722943878113227, 0.3309316102513488, 0.004528634368665782, -0.00018668163411495942, -0.00018264939207079768, 0.0016213491550923444, 0.6141069594090991, 1.0997299408611818, 1.0997300602823308, 0.6100753567904422, -1.1995701040890054, -2.2000798858233654, -2.2000797109674006, -1.187468288190624, 0.0, 0.0, 0.0, 0.0, 0.0, 0.0, 0.0, 0.0, 0.0, 0.0, 0.0, 0.0, 0.0, 0.0, 0.0, 0.0, 0.0, 0.0]
u_eq = [4.156390122372831, 0.8159246966795486, -0.8164842426168628, -4.256772747818208, -0.272409678213906, 0.38722438945313425, 0.3872244621005132, 0.08752564002004512, 6.452888324487801, -0.2652384518844604, -0.2652384161138923, 6.576351228064008]
"λ_eq" = [-0.6073532578475073, 0.43825681802601163, 61.08678226721769, 0.607353257847481, -0.43825681802601896, 61.086957732782366]
