x_eq = [0.9999999973625767, 2.284910289673201e-5, 6.783864573183887e-5, -1.2275391965583223e-5, 0.00024416497835154507, -3.037101231912786e-5, 0.330169050957862, 5.988741563036816e-5, 5.988322612443318e-5, 3.2661090308417514e-5, 3.265854557243983e-5, 0.6005987933992113, 0.600519826470861, 0.6003685382175311, 0.6003100574314166, -1.2000094037691158, -1.1998122773426005, -1.1995491015051232, -1.1993929363069438, 0.0, 0.0, 0.0, 0.0, 0.0, 0.0, 0.0, 0.0, 0.0, 0.0, 0.0, 0.0, 0.0, 0.0, 0.0, 0.0, 0.0, 0.0]
u_eq = [1.5470583567767706, -1.5815572680184409, 1.634956615022497, -1.6667593550644184, 0.2497961937587488, 0.24949919822065028, 0.24944586042439684, 0.24915542276422564, 3.187186643874991, 3.229857172868449, 3.313714397811154, 3.3534518157983952]
"λ_eq" = [3.438444189561855e-12, 0.5138841713438692, 29.792765642274546, 1.7961350575875297e-13, -0.5138841713461799, 30.17584877766917, 0.0, 0.5397171101690785, 30.9243020545462, 0.0, -0.5397171101668277, 31.280823525510083]
