x_eq = [0.9999988231588516, 0.0005004906485510769, 0.00102442342604456, -0.0010265216354609305, 0.0022210086016023903, -9.445968750230628e-5, 0.33046263048863483, 0.0004123286809348972, -3.185052474959383e-5, -2.5426261976391457e-5, -0.0018629267248444028, 0.6047788708127905, 1.0999637471893846, 1.099963743208783, 0.6024370781950209, -1.2018372898142073, -2.2000105770947056, -2.2000104026437413, -1.1939075220930695, 0.0, 0.0, 0.0, 0.0, 0.0, 0.0, 0.0, 0.0, 0.0, 0.0, 0.0, 0.0, 0.0, 0.0, 0.0, 0.0, 0.0, 0.0]
u_eq = [4.1872911891173965, 0.8166111868928678, -0.8157984740074495, -4.237839486658857, -0.09963675887958691, 0.3870967207150001, 0.38709673826470425, 0.26892449234569943, 6.553758567297522, -0.26527015715699925, -0.2652701343786651, 6.700236699395693]
"λ_eq" = [-0.7324426760557995, 0.49985659068277516, 61.086686931406554, 0.48200215097450994, -0.3778200599192243, 61.0867354329366]
