x_eq = [0.9999572667846913, -0.007092200531064568, 0.005919132642278219, -0.0003593952526991027, 0.0033028103049763703, 0.0033957228011791385, 0.21639805108214843, -0.0009145739844218864, 1.915703453927426e-5, 1.5834350132069894e-5, -0.002107958002988895, 1.0026570651251996, 1.4999714689646908, 1.4999711240164972, 1.0025207826848557, -1.9993376000997478, -2.500027912763018, -2.500027388435758, -1.9973541366185936, 0.0, 0.0, 0.0, 0.0, 0.0, 0.0, 0.0, 0.0, 0.0, 0.0, 0.0, 0.0, 0.0, 0.0, 0.0, 0.0, 0.0, 0.0]
u_eq = [4.404267960965578, 0.8136951252238411, -0.818443784126359, -4.324245576967714, 0.18478023178265646, 0.46547274615210504, 0.46547274816713163, 0.1609882143170963, 9.61544767713446, -0.25007321808079946, -0.25007317891742353, 10.229047488384769]
"λ_eq" = [0.0, 9.343626126011794e-11, 59.20715571131477, 1.2940983772362096e-10, -9.332695149651788e-11, 62.96658428868522]
