x_eq = [0.9999999987222263, 2.8420689788433504e-5, 4.4191277133443754e-6, -4.1785983612416804e-5, 2.3912893009573e-5, -1.72551777152632e-5, 0.2161401272568822, 9.375015491042347e-5, 3.1633959272795524e-8, 3.1760169968250236e-8, -4.7776854767871695e-5, 1.0000444807351632, 1.4999998163965118, 1.4999998166031985, 1.000080751702389, -1.9999874588439999, -2.5000001958411207, -2.5000001958414586, -1.9998557967219392, 0.0, 0.0, 0.0, 0.0, 0.0, 0.0, 0.0, 0.0, 0.0, 0.0, 0.0, 0.0, 0.0, 0.0, 0.0, 0.0, 0.0, 0.0]
u_eq = [1.9660448694555706, -3.375658358732664e-17, 4.1150150630598445e-17, -1.966328881968067, -0.00029783377371507644, 1.9341934561853185e-16, -4.444340599743254e-17, -0.0008079997506245719, 3.8916708802451963, 6.754548633160727e-17, -1.5435395191640995e-17, 3.8902343563889237]
"λ_eq" = [0.0, 4.434183863948278e-11, 23.12519140971233, 6.1456572286864e-11, -4.433733210334128e-11, 23.11914859028767]
